SMAP: 1435.394929
DMAP: 1394.885118
