SMAP: 16231.679329
DMAP: 15683.589020
