SMAP: 15933.452451
DMAP: 15795.322289
