SMAP: 128.259283
DMAP: 123.855430
