SMAP: 128.406107
DMAP: 124.187761
