SMAP: 1426.038246
DMAP: 1372.979073
