SMAP: 123.206759
DMAP: 124.818432
