SMAP: 121.164569
DMAP: 127.426368
