SMAP: 1493.842180
DMAP: 1414.495754
