SMAP: 1426.201661
DMAP: 1401.198613
