SMAP: 122.869016
DMAP: 123.412491
