SMAP: 15898.262583
DMAP: 15729.676168
