SMAP: 1426.174351
DMAP: 1375.486823
