SMAP: 16116.320953
DMAP: 15630.300130
