SMAP: 16305.056966
DMAP: 15310.185000
