SMAP: 839.328369
DMAP: 815.194603
