SMAP: 180.950664
DMAP: 175.029806
