SMAP: 118.339997
DMAP: 104.686481
