SMAP: 14945.246011
DMAP: 14662.196642
