SMAP: 74.142485
DMAP: 43.441559
