SMAP: 1587.936064
DMAP: 1497.151918
