SMAP: 35.770042
DMAP: 36.545457
