SMAP: 71.841421
DMAP: 62.877004
