SMAP: 222.315875
DMAP: 209.512183
