SMAP: 162.006592
DMAP: 164.880838
