SMAP: 1393.375185
DMAP: 1352.044574
