SMAP: 1508.699224
DMAP: 1519.059480
