SMAP: 182.938293
DMAP: 180.362620
