SMAP: 380.458754
DMAP: 355.642321
