SMAP: 1512.984018
DMAP: 1463.439284
