SMAP: 2270.536189
DMAP: 2254.889807
