SMAP: 531.482080
DMAP: 536.540783
