SMAP: 246.125915
DMAP: 235.642967
