SMAP: 32.073248
DMAP: 30.468625
