SMAP: 2022.083981
DMAP: 1984.541405
