SMAP: 155.542347
DMAP: 221.333652
