SMAP: 65.385452
DMAP: 65.135250
