SMAP: 136.369169
DMAP: 132.641759
