SMAP: 1038.974109
DMAP: 1000.981953
