SMAP: 170.026733
DMAP: 156.291811
