SMAP: 107.455008
DMAP: 108.863340
