SMAP: 2693.118437
DMAP: 2203.153239
