SMAP: 2388.160739
DMAP: 2202.315786
