SMAP: 2654.461397
DMAP: 2205.098209
