SMAP: 2217.833613
DMAP: 2204.443785
