SMAP: 2309.752870
DMAP: 2202.385762
