SMAP: 2198.449335
DMAP: 2203.284655
