SMAP: 2269.427092
DMAP: 2202.972059
