SMAP: 2262.643181
DMAP: 2203.719395
