SMAP: 2222.489421
DMAP: 2203.987159
