SMAP: 2196.644734
DMAP: 2204.353582
