SMAP: 2343.777563
DMAP: 2202.082155
