SMAP: 2229.989696
DMAP: 2203.733402
