SMAP: 2185.493798
DMAP: 2202.343650
