SMAP: 3250.176947
DMAP: 3184.092552
