SMAP: 249.200773
DMAP: 235.945121
