SMAP: 40.230342
DMAP: 33.503321
