SMAP: 144.642902
DMAP: 126.688558
