SMAP: 360.082312
DMAP: 331.428004
