SMAP: 220.654239
DMAP: 210.279591
