SMAP: 43.968929
DMAP: 40.293973
