SMAP: 65.972870
DMAP: 62.975182
