SMAP: 2251.344853
DMAP: 2192.817392
