SMAP: 182.930801
DMAP: 165.352683
