SMAP: 42.703203
DMAP: 37.464302
