SMAP: 170.005294
DMAP: 105.584911
