SMAP: 1483.841260
DMAP: 1415.990943
