SMAP: 847.484914
DMAP: 814.571465
