SMAP: 14957.567494
DMAP: 13860.115601
