SMAP: 9856.694957
DMAP: 9539.466575
