SMAP: 172.600179
DMAP: 158.389733
