SMAP: 37.679901
DMAP: 33.558593
