SMAP: 2005.289581
DMAP: 1937.730443
