SMAP: 1072.410618
DMAP: 982.640362
