SMAP: 1498.100307
DMAP: 1423.677210
