SMAP: 73.851100
DMAP: 68.860553
