SMAP: 27.622051
DMAP: 23.715364
