SMAP: 638.343012
DMAP: 615.306173
