SMAP: 1265.844469
DMAP: 1234.153354
