SMAP: 1910.913096
DMAP: 1846.188873
