SMAP: 3178.660792
DMAP: 3069.593551
