SMAP: 2536.872600
DMAP: 2456.197465
