SMAP: 28.907041
DMAP: 28.513097
