SMAP: 290.215826
DMAP: 319.302728
