SMAP: 3236.726593
DMAP: 3595.700065
