SMAP: 3186.247607
DMAP: 2987.016626
