SMAP: 294.745354
DMAP: 316.103753
