SMAP: 294.723843
DMAP: 233.586753
