SMAP: 37.246017
DMAP: 28.248610
