SMAP: 1567.651505
DMAP: 1526.048731
