SMAP: 356.952254
DMAP: 348.117275
