SMAP: 358.809869
DMAP: 348.498072
