SMAP: 214.781102
DMAP: 210.936110
