SMAP: 1394.215588
DMAP: 1345.657991
