SMAP: 246.335507
DMAP: 234.848489
