SMAP: 221.999972
DMAP: 209.607243
