SMAP: 2267.705251
DMAP: 2253.951749
