SMAP: 1033.076358
DMAP: 997.857627
