SMAP: 71.718831
DMAP: 65.033360
