SMAP: 294.629082
DMAP: 267.918195
