SMAP: 3141.288091
DMAP: 3124.943654
