SMAP: 1269.583353
DMAP: 1255.660367
