SMAP: 406.051804
DMAP: 404.643606
