SMAP: 2558.846819
DMAP: 2503.589494
