SMAP: 322.400461
DMAP: 311.640582
