SMAP: 637.463438
DMAP: 629.739527
