SMAP: 292.858013
DMAP: 251.968224
