SMAP: 3242.630742
DMAP: 2635.064593
