SMAP: 289.508948
DMAP: 256.207404
