SMAP: 298.254435
DMAP: 259.749040
