SMAP: 289.697316
DMAP: 237.375026
