SMAP: 29.927009
DMAP: 31.832736
