SMAP: 28.385112
DMAP: 30.533864
