SMAP: 3189.487422
DMAP: 2719.229089
