SMAP: 3332.672462
DMAP: 2740.313548
