SMAP: 28.941660
DMAP: 30.393505
