SMAP: 3213.030252
DMAP: 2740.871801
