SMAP: 300.052851
DMAP: 239.338392
