SMAP: 36.993661
DMAP: 30.401082
