SMAP: 33.112102
DMAP: 30.524477
