SMAP: 3261.455551
DMAP: 2731.821151
