SMAP: 42.043896
DMAP: 40.956280
