SEQ: 5263.825010
DMAP: 1955.410699
