SEQ: 5242.181764
DMAP: 2127.290277
SMAP: 1660.887046
