SMAP: 944.771526
DMAP: 920.430484
