SMAP: 3530.155239
DMAP: 3446.827329
