SMAP: 7009.924581
DMAP: 6801.100887
