SMAP: 1817.959501
DMAP: 1774.478577
