SMAP: 3206.234240
DMAP: 2660.379337
