SMAP: 29.501869
DMAP: 28.901713
