SMAP: 29.535113
DMAP: 29.166885
