SMAP: 3270.933500
DMAP: 2657.277847
