SMAP: 288.974740
DMAP: 263.110671
