SMAP: 144.427598
DMAP: 141.322483
