SMAP: 299.403019
DMAP: 233.640286
