SMAP: 3390.060722
DMAP: 3609.496623
