SMAP: 137.355602
DMAP: 130.094148
