SMAP: 33.434125
DMAP: 26.141560
