SMAP: 4016.558970
DMAP: 3964.507425
