SMAP: 2006.416882
DMAP: 1987.751492
