SMAP: 1400.547692
DMAP: 1417.390218
