SMAP: 4190.219322
DMAP: 4141.147879
