SMAP: 4316.526191
DMAP: 4223.840444
