SMAP: 32.591162
DMAP: 32.968240
