SMAP: 5580.119354
DMAP: 5664.908241
