SMAP: 369.004434
DMAP: 348.534402
