SMAP: 1511.612478
DMAP: 1471.054031
