SMAP: 3268.405919
DMAP: 3268.743068
