SMAP: 170.515703
DMAP: 158.001730
