SMAP: 1431.071371
DMAP: 1424.638113
