SMAP: 1032.422123
DMAP: 996.313853
