SMAP: 1467.851374
DMAP: 1469.930790
