SMAP: 532.390822
DMAP: 538.543113
