SMAP: 157.591457
DMAP: 281.077866
