SMAP: 364.752275
DMAP: 355.145511
