SMAP: 43473.596564
DMAP: 43116.118454
