SMAP: 21364.970669
DMAP: 21385.134026
