SMAP: 201.516725
DMAP: 197.503964
