SMAP: 2381.241077
DMAP: 2373.811473
