SMAP: 417.537429
DMAP: 400.016618
