SMAP: 4253.789896
DMAP: 4249.784221
