SMAP: 1903.347392
DMAP: 1967.530312
