SMAP: 29.030114
DMAP: 23.593846
