SMAP: 3189.739869
DMAP: 2672.299764
