SMAP: 37.176279
DMAP: 23.413349
