SMAP: 294.164222
DMAP: 333.434939
