SMAP: 33.838359
DMAP: 23.426793
