SMAP: 29.064092
DMAP: 23.640045
