SMAP: 291.709084
DMAP: 234.525722
