SMAP: 29.191984
DMAP: 23.217403
