SMAP: 3265.737943
DMAP: 2680.721237
