SMAP: 289.728606
DMAP: 234.552660
