SMAP: 3335.532338
DMAP: 3219.880745
