SMAP: 3186.847364
DMAP: 2669.842760
