SMAP: 297.996015
DMAP: 233.579630
