SMAP: 3220.472346
DMAP: 4371.375229
