SMAP: 290.095026
DMAP: 283.921958
