SMAP: 2541.976686
DMAP: 2997.587489
