SMAP: 1271.404144
DMAP: 1474.436915
