SMAP: 3175.495871
DMAP: 3710.885680
