SMAP: 638.571350
DMAP: 718.159690
