SMAP: 1900.889039
DMAP: 2228.181213
