SMAP: 1427.632458
DMAP: 1695.034738
