SMAP: 4075.602966
DMAP: 4619.828817
