SMAP: 5723.349657
DMAP: 6648.268239
