SMAP: 1512.146479
DMAP: 1757.064872
