SMAP: 636.207413
DMAP: 511.020640
