SMAP: 510.967501
DMAP: 508.769273
