SMAP: 503.135594
DMAP: 506.735751
