SMAP: 495.930829
DMAP: 505.504588
