SMAP: 507.969212
DMAP: 503.757702
