SMAP: 528.090104
DMAP: 505.321161
