SMAP: 917.013727
DMAP: 507.373060
