SMAP: 534.819085
DMAP: 511.374697
