SMAP: 521.195144
DMAP: 504.436371
