SMAP: 520.859869
DMAP: 508.594448
