SMAP: 785.501853
DMAP: 513.060034
