SMAP: 502.466650
DMAP: 509.558335
