SMAP: 532.440212
DMAP: 509.437435
