SMAP: 1797.540869
DMAP: 2394.323713
