SMAP: 284.785616
DMAP: 289.433839
