SMAP: 150.183983
DMAP: 348.445543
