SMAP: 1805.513301
DMAP: 2314.753512
