SMAP: 150.926962
DMAP: 287.739989
