SMAP: 20779.275921
DMAP: 23778.367008
