SMAP: 3350.041398
DMAP: 3415.941353
