SMAP: 1804.082611
DMAP: 2214.412045
