SMAP: 1843.187137
DMAP: 2298.403011
