SMAP: 154.053297
DMAP: 197.089012
