SMAP: 20988.865488
DMAP: 24108.400705
