SMAP: 158.888906
DMAP: 206.211633
