SMAP: 152.398238
DMAP: 281.700906
