SMAP: 21132.472014
DMAP: 26423.204559
