SMAP: 283.515239
DMAP: 291.306897
