SMAP: 282.454903
DMAP: 296.267106
