SMAP: 150.326940
DMAP: 408.527891
