SMAP: 21436.006974
DMAP: 26686.347630
