SMAP: 295.314935
DMAP: 291.290413
