SMAP: 283.829433
DMAP: 292.459591
