SMAP: 38534.439947
DMAP: 39603.863280
