SMAP: 1801.760204
DMAP: 2624.858306
