SMAP: 1849.318130
DMAP: 2368.657245
