SMAP: 1809.286659
DMAP: 2178.469369
