SMAP: 1824.093927
DMAP: 2224.860449
