SMAP: 152.233414
DMAP: 264.063188
