SMAP: 1805.647328
DMAP: 2597.199815
