SMAP: 151.833749
DMAP: 222.849227
