SMAP: 38851.004363
DMAP: 39850.747621
