SMAP: 2525.800459
DMAP: 2574.019862
