SMAP: 1903.355521
DMAP: 1962.566568
