SMAP: 638.023323
DMAP: 627.498565
