SMAP: 3179.092691
DMAP: 3155.087364
