SMAP: 1265.362511
DMAP: 1249.817373
