SMAP: 1808.596479
DMAP: 1805.538009
