SMAP: 281.464093
DMAP: 283.875299
