SMAP: 155.143426
DMAP: 154.656720
