SMAP: 1819.855150
DMAP: 1789.796211
