SMAP: 39868.041072
DMAP: 38866.577660
