SMAP: 20787.927231
DMAP: 20823.289484
