SMAP: 1789.355798
DMAP: 1787.289087
