SMAP: 283.915024
DMAP: 282.551042
