SMAP: 20759.643898
DMAP: 20825.263203
