SMAP: 1841.956829
DMAP: 1854.463126
