SMAP: 153.983219
DMAP: 152.750150
