SMAP: 21297.186770
DMAP: 21182.502679
