SMAP: 3323.062933
DMAP: 3329.282358
