SMAP: 3334.088309
DMAP: 3311.980160
