SMAP: 150.535714
DMAP: 149.860851
