SMAP: 38620.491754
DMAP: 38545.521771
