SMAP: 151.481543
DMAP: 152.927624
