SMAP: 150.540210
DMAP: 149.918346
