SMAP: 1810.109684
DMAP: 1799.167850
