SMAP: 3354.963780
DMAP: 3314.840414
