SMAP: 179.270073
DMAP: 159.951354
