SMAP: 155.816781
DMAP: 153.802257
