SMAP: 16824.031126
DMAP: 16178.996526
