SMAP: 1397.382170
DMAP: 1404.055339
