SMAP: 1446.256249
DMAP: 1426.097719
