SMAP: 1473.954780
DMAP: 1410.910723
