SMAP: 15669.311438
DMAP: 16191.643883
