SMAP: 15681.868334
DMAP: 16267.007779
