SMAP: 1451.553074
DMAP: 1406.506766
