SMAP: 16266.344918
DMAP: 15753.910440
