SMAP: 1415.710786
DMAP: 1408.850148
