SMAP: 123.161348
DMAP: 130.626521
