SMAP: 126.873841
DMAP: 129.989571
