SMAP: 123.555868
DMAP: 128.315465
