SMAP: 125.328727
DMAP: 126.702015
