SMAP: 121.243831
DMAP: 125.878999
