SMAP: 16201.186405
DMAP: 16288.212937
