SMAP: 190.371281
DMAP: 173.766678
