SMAP: 54.097185
DMAP: 38.454843
