SMAP: 14942.462996
DMAP: 15737.077001
