SMAP: 168.613561
DMAP: 105.696875
