SMAP: 1531.543852
DMAP: 1482.785678
