SMAP: 870.662759
DMAP: 815.048716
