SMAP: 39860.603059
DMAP: 39980.933336
