SMAP: 150.808042
DMAP: 536.167025
