SMAP: 20985.773404
DMAP: 24513.800194
