SMAP: 1822.527149
DMAP: 2348.167588
