SMAP: 150.180078
DMAP: 649.540789
