SMAP: 151.398064
DMAP: 403.531932
