SMAP: 152.401276
DMAP: 251.574933
