SMAP: 153.146126
DMAP: 207.253758
