SMAP: 20647.322544
DMAP: 24021.759738
