SMAP: 38633.215796
DMAP: 39721.734208
