SMAP: 20933.031361
DMAP: 26254.198872
