SMAP: 3334.896693
DMAP: 3432.698743
