SMAP: 20762.426377
DMAP: 26275.970162
