SMAP: 150.371107
DMAP: 308.394417
