SMAP: 146.466130
DMAP: 141.332250
