SMAP: 21410.976357
DMAP: 26411.248431
