SMAP: 3376.468102
DMAP: 3448.413202
