SMAP: 39441.561320
DMAP: 40009.206063
