SMAP: 20860.756225
DMAP: 23780.575459
