SMAP: 3378.575991
DMAP: 3439.241117
