SMAP: 3462.589696
DMAP: 3451.978796
