SMAP: 2687.707075
DMAP: 2256.147833
