SMAP: 2386.322306
DMAP: 2257.752108
