SMAP: 2179.981850
DMAP: 2247.564558
