SMAP: 2218.808632
DMAP: 2252.779700
