SMAP: 2230.391758
DMAP: 2246.294629
