SMAP: 2214.485266
DMAP: 2253.095422
