SMAP: 2262.955372
DMAP: 2252.105381
