SMAP: 2355.263339
DMAP: 2258.247451
