SMAP: 2270.709494
DMAP: 2251.972697
