SMAP: 2307.269703
DMAP: 2250.438916
