SMAP: 2204.750376
DMAP: 2251.438930
