SMAP: 2182.991824
DMAP: 2256.198625
