SMAP: 2640.428821
DMAP: 2249.495021
