SMAP: 528.732611
DMAP: 535.307936
