SMAP: 532.782300
DMAP: 534.926310
