SMAP: 907.529964
DMAP: 505.551054
