SMAP: 501.841658
DMAP: 539.525210
