SMAP: 491.744276
DMAP: 505.736881
