SMAP: 520.162368
DMAP: 536.448735
