SMAP: 635.668788
DMAP: 505.902124
