SMAP: 509.633823
DMAP: 553.693675
