SMAP: 539.398645
DMAP: 535.145138
