SMAP: 635.861858
DMAP: 536.587382
