SMAP: 505.669123
DMAP: 505.400578
