SMAP: 497.612252
DMAP: 530.267071
