SMAP: 499.818329
DMAP: 504.282348
