SMAP: 503.248576
DMAP: 536.929714
