SMAP: 792.653154
DMAP: 536.303262
