SMAP: 784.255183
DMAP: 504.908126
