SMAP: 527.970254
DMAP: 516.582971
