SMAP: 497.318360
DMAP: 509.528145
