SMAP: 508.357684
DMAP: 539.401036
