SMAP: 524.175129
DMAP: 501.882947
