SMAP: 902.479914
DMAP: 537.064191
