SMAP: 531.638466
DMAP: 508.049855
