SMAP: 504.366585
DMAP: 504.418700
