SMAP: 523.313402
DMAP: 536.850077
