SMAP: 520.679735
DMAP: 505.882618
