SMAP: 517.732293
DMAP: 503.471288
