SMAP: 2647.231701
DMAP: 2291.300239
