SMAP: 2270.125791
DMAP: 2280.288751
