SMAP: 2294.882583
DMAP: 2179.796160
