SMAP: 2313.028557
DMAP: 2269.664593
