SMAP: 2189.645925
DMAP: 2184.266763
