SMAP: 2384.759985
DMAP: 2270.580327
