SMAP: 2264.614442
DMAP: 2289.883495
