SMAP: 2169.789924
DMAP: 2183.719072
