SMAP: 2228.696735
DMAP: 2276.007711
