SMAP: 2210.523722
DMAP: 2183.443896
