SMAP: 2224.257541
DMAP: 2271.364406
