SMAP: 2221.810185
DMAP: 2278.048464
