SMAP: 2210.286637
DMAP: 2186.561200
