SMAP: 2198.920076
DMAP: 2274.396614
