SMAP: 2191.323166
DMAP: 2279.739347
