SMAP: 2667.892652
DMAP: 2183.494818
