SMAP: 2182.952790
DMAP: 2284.491114
