SMAP: 2256.876641
DMAP: 2188.511875
