SMAP: 2345.562379
DMAP: 2306.493622
