SMAP: 2698.218478
DMAP: 2278.029507
