SMAP: 2178.362439
DMAP: 2183.130055
