SMAP: 2243.380516
DMAP: 2184.417851
