SMAP: 2328.231386
DMAP: 2188.399326
