SMAP: 912.836915
DMAP: 909.149445
