SMAP: 282.258279
DMAP: 289.553973
