SMAP: 3185.394833
DMAP: 3155.986386
