SMAP: 5421.282319
DMAP: 5420.640993
