SMAP: 45.091121
DMAP: 45.024388
