SMAP: 10188.046358
DMAP: 10225.444743
