SMAP: 27.663902
DMAP: 29.228240
