SMAP: 3154.292966
DMAP: 3140.058773
