SMAP: 10575.187719
DMAP: 10310.613868
