SMAP: 35.123666
DMAP: 185.458820
