SMAP: 30.979282
DMAP: 35.212252
