SMAP: 3179.481974
DMAP: 3178.540134
