SMAP: 282.301204
DMAP: 299.992616
