SMAP: 35.194897
DMAP: 97.436477
