SMAP: 889.409698
DMAP: 894.127838
