SMAP: 3151.258570
DMAP: 3176.286449
