SMAP: 79.057153
DMAP: 78.949208
