SMAP: 3191.153504
DMAP: 3119.180545
