SMAP: 5434.952120
DMAP: 5436.861458
