SMAP: 29.173631
DMAP: 32.658410
