SMAP: 10149.164869
DMAP: 10148.040408
