SMAP: 3090.982704
DMAP: 3096.617553
