SMAP: 287.418813
DMAP: 291.369989
