SMAP: 37.410185
DMAP: 40.563646
