SMAP: 483.543804
DMAP: 488.956113
