SMAP: 43.909972
DMAP: 269.592858
