SMAP: 286.584822
DMAP: 290.479776
