SMAP: 28.604714
DMAP: 28.946788
