SMAP: 287.909898
DMAP: 297.770434
