SMAP: 3125.939939
DMAP: 3194.198927
