SMAP: 78.009715
DMAP: 78.600827
