SMAP: 46.295246
DMAP: 48.535126
