SMAP: 28.728158
DMAP: 29.864769
