SMAP: 495.011943
DMAP: 494.724967
