SMAP: 77.237129
DMAP: 78.903105
