SMAP: 501.633364
DMAP: 502.211961
