SMAP: 44.201886
DMAP: 44.627999
