Nthreads seq 		par1 		par2 		par4 		par8
1 	 0.03 		0.04		0.03		0.015		0.020
2	 0.03		0.02		0.015		0.010		0.011
3	 0.03		0.019		0.012		0.009		0.010	
4	 0.03		0.010		0.005		0.003		0.100



#NTs	1	2	3	4
#seq	0.03	0.03	0.03	0.03
#par1	0.04	0.02	0.019	0.01
#par2	0.03	0.015	0.012	0.005
#par4	0.015	0.01	0.009	0.003
#par8	0.020	0.011	0.01	0.1
