SMAP: 221.793493
DMAP: 206.200303
