SMAP: 169.587380
DMAP: 156.043066
