SMAP: 1421.032629
DMAP: 1324.781968
