SMAP: 108.541486
DMAP: 106.183107
