SMAP: 31.828287
DMAP: 27.201854
