SMAP: 1034.330797
DMAP: 992.042443
