SMAP: 2021.755587
DMAP: 1951.254379
