SMAP: 185.366981
DMAP: 175.019442
