SMAP: 532.523154
DMAP: 508.032420
