SMAP: 35.207379
DMAP: 32.564777
