SMAP: 245.788884
DMAP: 232.486374
