SMAP: 136.698790
DMAP: 127.572472
