SMAP: 65.538538
DMAP: 60.965816
