SMAP: 154.538027
DMAP: 152.065091
