SMAP: 360.083051
DMAP: 349.116766
