SMAP: 164.725074
DMAP: 159.137656
