SMAP: 2265.080483
DMAP: 2201.588343
