SMAP: 71.174186
DMAP: 64.794654
