SMAP: 1511.038663
DMAP: 1489.082374
