SMAP: 1512.319576
DMAP: 1431.592041
