SMAP: 3248.135768
DMAP: 3401.952000
