SMAP: 481.125742
DMAP: 484.606661
