SMAP: 3152.674539
DMAP: 3176.303138
