SMAP: 1719.843783
DMAP: 1718.995811
