SMAP: 885.903607
DMAP: 887.673961
