SMAP: 284.412528
DMAP: 566.237383
