SMAP: 932.120995
DMAP: 912.656918
