SMAP: 5560.787433
DMAP: 5554.195150
