SMAP: 77.750903
DMAP: 78.842733
