SMAP: 19604.409467
DMAP: 19589.515384
