SMAP: 279.735553
DMAP: 355.009491
