SMAP: 284.171996
DMAP: 379.775663
