SMAP: 288.696604
DMAP: 415.478637
