SMAP: 28.182554
DMAP: 42.188202
