SMAP: 888.416224
DMAP: 890.491301
