SMAP: 3120.567705
DMAP: 3182.277873
