SMAP: 1710.857380
DMAP: 1713.880454
