SMAP: 76.601507
DMAP: 76.958296
