SMAP: 282.358927
DMAP: 391.133668
