SMAP: 1724.159715
DMAP: 1720.593972
