SMAP: 502.883185
DMAP: 502.622804
