SMAP: 888.470209
DMAP: 893.826832
