SMAP: 78.311532
DMAP: 78.850577
