SMAP: 45.493358
DMAP: 43.588217
