SMAP: 79.794420
DMAP: 79.135940
