SMAP: 1734.106094
DMAP: 1726.700356
