SMAP: 295.715445
DMAP: 388.319051
