SMAP: 283.799465
DMAP: 389.630720
