SMAP: 480.508914
DMAP: 483.958395
