SMAP: 150.069205
DMAP: 149.847593
