SMAP: 3114.509248
DMAP: 3574.207175
