SMAP: 284.261184
DMAP: 393.451722
