SMAP: 28.599475
DMAP: 61.773846
