SMAP: 285.154949
DMAP: 375.623507
