SMAP: 32.566246
DMAP: 105.849783
