SMAP: 148.092984
DMAP: 149.188235
