SMAP: 911.782090
DMAP: 909.172711
