SMAP: 77.094597
DMAP: 77.651781
