SMAP: 291.633957
DMAP: 325.406968
