SMAP: 31.722313
DMAP: 112.692091
