SMAP: 10187.983219
DMAP: 10216.069869
