SMAP: 35.943664
DMAP: 201.884695
