SMAP: 45.277227
DMAP: 43.136494
