SMAP: 286.984377
DMAP: 511.818897
