SMAP: 20100.698594
DMAP: 19837.345052
