SMAP: 35.360375
DMAP: 113.620329
