SMAP: 500.044789
DMAP: 500.604710
