SMAP: 1799.676323
DMAP: 1748.260351
