SMAP: 10295.669917
DMAP: 10266.209944
