SMAP: 283.894700
DMAP: 418.900752
