SMAP: 76.757022
DMAP: 76.940158
