SMAP: 1748.022715
DMAP: 1731.137970
