SMAP: 479.621390
DMAP: 483.962550
