SMAP: 280.956887
DMAP: 523.271314
