SMAP: 3209.784697
DMAP: 3408.054685
