SMAP: 19756.320549
DMAP: 19797.896064
