SMAP: 1790.328931
DMAP: 1742.716445
