SMAP: 482.276383
DMAP: 490.778253
