SMAP: 43.465856
DMAP: 44.232429
