SMAP: 28.347993
DMAP: 49.391885
