SMAP: 153.229903
DMAP: 151.129844
