SMAP: 296.223910
DMAP: 610.358982
