SMAP: 893.484362
DMAP: 896.724992
