SMAP: 31.671193
DMAP: 56.161584
