SMAP: 927.500403
DMAP: 907.232763
