SMAP: 3162.719628
DMAP: 3424.797282
