SMAP: 144.180090
DMAP: 144.549883
