SMAP: 28.243469
DMAP: 43.108627
