SMAP: 294.707654
DMAP: 623.014992
