SMAP: 5441.938504
DMAP: 5421.738977
