SMAP: 282.301421
DMAP: 364.800358
