SMAP: 292.947616
DMAP: 333.284983
