SMAP: 35.130192
DMAP: 114.909239
