SMAP: 43.283404
DMAP: 44.971771
