SMAP: 77.374021
DMAP: 77.937951
