SMAP: 40.646354
DMAP: 354.320354
