SMAP: 147.567187
DMAP: 148.260770
