SMAP: 44.619578
DMAP: 45.044957
