SMAP: 20375.599924
DMAP: 19920.850368
