SMAP: 895.479657
DMAP: 896.334424
