SMAP: 29.046121
DMAP: 77.470453
