SMAP: 490.505943
DMAP: 503.008708
