SMAP: 914.402241
DMAP: 909.797959
