SMAP: 151.414474
DMAP: 150.800678
