SMAP: 28.198469
DMAP: 50.470611
