SMAP: 20117.287376
DMAP: 19793.527505
