SMAP: 42.513653
DMAP: 43.329946
