SMAP: 482.835182
DMAP: 486.163960
