SMAP: 146.247734
DMAP: 146.852241
