SMAP: 277.996448
DMAP: 285.601516
