SMAP: 2455.756160
DMAP: 2458.512003
