SMAP: 1902.735521
DMAP: 1853.790121
