SMAP: 3167.259032
DMAP: 3054.998379
