SMAP: 207.473468
DMAP: 207.710550
