SMAP: 3172.829715
DMAP: 3066.897124
