SMAP: 1899.600000
DMAP: 1844.900985
