SMAP: 1264.654053
DMAP: 1221.581651
