SMAP: 406.785289
DMAP: 440.443707
