SMAP: 627.839601
DMAP: 613.883328
