SMAP: 295.386298
DMAP: 282.898803
