SMAP: 378.881703
DMAP: 379.976152
