SMAP: 202.121412
DMAP: 207.499458
