SMAP: 2540.387345
DMAP: 2444.195593
