SMAP: 403.922201
DMAP: 427.820492
