SMAP: 1849.228194
DMAP: 1838.314261
