SMAP: 338.390037
DMAP: 332.219164
