SMAP: 405.184192
DMAP: 429.130566
