SMAP: 633.925345
DMAP: 615.657629
