SMAP: 1269.754412
DMAP: 1221.632869
