SMAP: 375.641317
DMAP: 379.022293
