SMAP: 407.767882
DMAP: 429.516021
