SMAP: 340.365987
DMAP: 332.564878
