SMAP: 639.594575
DMAP: 617.150267
