SMAP: 2349.142895
DMAP: 2595.089831
