SMAP: 3162.985681
DMAP: 3068.306545
