SMAP: 2534.602257
DMAP: 2449.647405
