SMAP: 3163.791077
DMAP: 3057.667821
