SMAP: 1235.117070
DMAP: 1231.181034
