SMAP: 3163.139694
DMAP: 3068.412880
