SMAP: 3323.883704
DMAP: 3485.026582
