SMAP: 300.441076
DMAP: 351.070403
