SMAP: 515.928579
DMAP: 514.076874
