SMAP: 3537.246650
DMAP: 3442.059697
