SMAP: 946.056605
DMAP: 921.517709
