SEQ: 0.004916
DMAP: 1425.333678
SMAP: 1205.314035
