SEQ: 5432.612739
DMAP: 6020.018895
SMAP: 5913.212332
