SEQ: 5361.406141
DMAP: 5717.712974
SMAP: 5770.747896
