SEQ: 5744.066348
DMAP: 6186.687379
SMAP: 5936.039855
