SEQ: 5240.486565
DMAP: 2961.527877
SMAP: 2928.645327
