SEQ: 5991.487598
DMAP: 3062.115299
SMAP: 2947.779444
