SEQ: 5401.324094
DMAP: 3021.632664
SMAP: 3052.364597
