SEQ: 0.005125
DMAP: 1352.893077
SMAP: 1128.691626
