SEQ: 0.005416
DMAP: 2271.570860
SMAP: 1736.062784
