SEQ: 0.004959
DMAP: 1454.395827
SMAP: 1134.956105
