SEQ: 5525.292495
DMAP: 2125.811096
SMAP: 1699.820709
