SEQ: 0.005292
DMAP: 1346.828465
SMAP: 1185.988673
