SMAP: 1411.409180
DMAP: 1439.002773
