SMAP: 15814.756485
DMAP: 15901.891268
