SMAP: 15880.210381
DMAP: 15998.251097
