SMAP: 124.551247
DMAP: 123.460688
