SMAP: 1421.953591
DMAP: 1401.631268
