SMAP: 16402.247580
DMAP: 15921.324553
