SMAP: 126.138251
DMAP: 122.664615
