SMAP: 121.420937
DMAP: 122.926992
