SMAP: 1408.005453
DMAP: 1399.955766
