SMAP: 15723.056744
DMAP: 15729.880934
