SMAP: 1458.318497
DMAP: 1415.998975
