SMAP: 121.158176
DMAP: 122.888147
