SMAP: 16363.605469
DMAP: 15890.200380
