SMAP: 1400.869473
DMAP: 1392.300532
