SMAP: 123.180791
DMAP: 124.806633
