SMAP: 31.829337
DMAP: 28.502265
