SMAP: 136.149658
DMAP: 129.511376
