SMAP: 36.977325
DMAP: 35.604755
