SMAP: 183.049132
DMAP: 176.937516
