SMAP: 1521.140128
DMAP: 1516.319578
