SMAP: 2014.587915
DMAP: 1997.794113
