SMAP: 246.271642
DMAP: 238.213854
