SMAP: 163.164892
DMAP: 161.714583
