SMAP: 2277.455741
DMAP: 2269.774343
