SMAP: 1031.946273
DMAP: 990.839645
