SMAP: 107.360086
DMAP: 107.431782
