SMAP: 70.928376
DMAP: 65.605960
