SMAP: 1396.532938
DMAP: 1330.172706
