SMAP: 170.887796
DMAP: 159.509389
