SMAP: 531.619633
DMAP: 529.403212
