SMAP: 221.625818
DMAP: 210.490876
