SMAP: 1508.310881
DMAP: 1494.068470
