SMAP: 356.661280
DMAP: 350.878254
