SMAP: 156.702979
DMAP: 217.859332
