SMAP: 65.002322
DMAP: 63.771256
