SMAP: 21133.442965
DMAP: 21093.372865
