SMAP: 1821.302461
DMAP: 1786.867083
