SMAP: 3390.274235
DMAP: 3321.363590
