SMAP: 38808.079570
DMAP: 38572.565849
