SMAP: 295.175247
DMAP: 284.207564
