SMAP: 1832.453540
DMAP: 1816.586751
