SMAP: 20829.363328
DMAP: 20882.244931
