SMAP: 20834.620619
DMAP: 20948.395638
