SMAP: 153.334945
DMAP: 150.746635
