SMAP: 1784.598790
DMAP: 1790.043581
