SMAP: 157.850093
DMAP: 156.196213
