SMAP: 20751.530645
DMAP: 20829.644675
