SMAP: 21734.028483
DMAP: 21168.185862
