SMAP: 151.781712
DMAP: 154.180305
