SMAP: 20998.948036
DMAP: 20986.325119
