SMAP: 1797.120548
DMAP: 1798.961268
