SMAP: 21093.466085
DMAP: 21132.822434
