SMAP: 20923.668332
DMAP: 20982.785537
