SMAP: 285.458629
DMAP: 282.595009
