SMAP: 152.307131
DMAP: 151.660417
