SMAP: 1802.582890
DMAP: 1790.480874
