SMAP: 3455.752739
DMAP: 3341.133346
