SMAP: 1808.149008
DMAP: 1809.538597
