SMAP: 1795.345630
DMAP: 1794.646991
