SMAP: 20904.942799
DMAP: 20951.948891
