SMAP: 20806.218047
DMAP: 20768.090006
