SMAP: 150.778496
DMAP: 149.825205
