SMAP: 20758.150715
DMAP: 20776.414684
