SMAP: 1786.708003
DMAP: 1779.648351
