SMAP: 1793.015473
DMAP: 1790.406272
