SMAP: 38825.171986
DMAP: 38564.940007
