SMAP: 39495.010802
DMAP: 38730.025466
