SMAP: 283.217027
DMAP: 281.730526
