SMAP: 909.074065
DMAP: 528.927810
