SMAP: 502.152838
DMAP: 530.774239
