SMAP: 786.206376
DMAP: 508.776661
