SMAP: 529.039953
DMAP: 506.121375
