SMAP: 492.084047
DMAP: 500.715424
