SMAP: 505.232338
DMAP: 503.301239
