SMAP: 506.063052
DMAP: 505.408385
