SMAP: 509.281386
DMAP: 528.115237
