SMAP: 497.917677
DMAP: 512.063883
