SMAP: 501.869283
DMAP: 533.372668
