SMAP: 522.632282
DMAP: 533.020673
