SMAP: 519.820153
DMAP: 508.115981
