SMAP: 509.633384
DMAP: 535.340534
