SMAP: 528.228612
DMAP: 532.677085
