SMAP: 499.464854
DMAP: 505.133338
