SMAP: 524.226872
DMAP: 505.358176
