SMAP: 496.068942
DMAP: 531.262928
