SMAP: 521.659003
DMAP: 537.283316
