SMAP: 531.685917
DMAP: 541.020856
