SMAP: 639.078609
DMAP: 532.714968
