SMAP: 788.441609
DMAP: 533.079684
