SMAP: 534.428325
DMAP: 528.896969
