SMAP: 530.675716
DMAP: 504.456816
