SMAP: 1730.123433
DMAP: 1715.573751
