SMAP: 146.386387
DMAP: 143.575796
