SMAP: 489.014045
DMAP: 250.899940
