SMAP: 3156.043678
DMAP: 2746.468370
