SMAP: 521.839602
DMAP: 537.377863
