SMAP: 509.672014
DMAP: 539.139955
