SMAP: 503.123046
DMAP: 538.773437
