SMAP: 521.011528
DMAP: 533.419452
