SMAP: 632.309582
DMAP: 532.930859
