SMAP: 528.333083
DMAP: 534.494219
