SMAP: 905.065922
DMAP: 535.198361
