SMAP: 534.161874
DMAP: 539.312336
