SMAP: 788.088725
DMAP: 534.054808
