SMAP: 496.866088
DMAP: 539.619601
