SMAP: 532.119016
DMAP: 540.310348
