SMAP: 510.272464
DMAP: 537.215455
