SMAP: 502.022075
DMAP: 535.769429
