SMAP: 288.542391
DMAP: 240.094894
