SMAP: 33.260394
DMAP: 25.313207
