SMAP: 28.671757
DMAP: 24.973187
