SMAP: 3190.469783
DMAP: 2677.993907
