SMAP: 3256.110384
DMAP: 2668.401075
