SMAP: 299.670272
DMAP: 238.956083
