SMAP: 37.901147
DMAP: 25.509642
