SMAP: 3226.654524
DMAP: 2630.117696
