SMAP: 3195.285286
DMAP: 2668.106897
