SMAP: 292.462183
DMAP: 238.403152
