SMAP: 290.280088
DMAP: 234.693972
