SMAP: 29.041258
DMAP: 25.406780
