SMAP: 29.179613
DMAP: 25.266421
