SMAP: 293.917060
DMAP: 238.908514
