SMAP: 3318.928914
DMAP: 2694.748494
