SMAP: 2211.301258
DMAP: 2188.071731
