SMAP: 2214.638315
DMAP: 2252.442629
