SMAP: 2228.476611
DMAP: 2250.606041
