SMAP: 2181.084126
DMAP: 2182.305603
