SMAP: 2163.151912
DMAP: 2184.120478
