SMAP: 2293.173933
DMAP: 2185.097287
