SMAP: 2250.521042
DMAP: 2190.125267
