SMAP: 2271.591673
DMAP: 2258.720902
