SMAP: 2330.298295
DMAP: 2182.938718
