SMAP: 2247.578886
DMAP: 2183.910897
