SMAP: 2189.462867
DMAP: 2245.337507
