SMAP: 2368.228673
DMAP: 2195.332721
