SMAP: 2210.931180
DMAP: 2183.263740
