SMAP: 2203.131349
DMAP: 2184.317099
