SMAP: 2386.076391
DMAP: 2252.035892
