SMAP: 2209.322549
DMAP: 2247.865669
