SMAP: 2177.087522
DMAP: 2187.665644
