SMAP: 2649.462440
DMAP: 2255.179497
