SMAP: 2181.896583
DMAP: 2253.414518
