SMAP: 2673.389950
DMAP: 2184.464394
