SMAP: 2691.451096
DMAP: 2258.431826
