SMAP: 2356.995695
DMAP: 2248.891974
