SMAP: 2620.479920
DMAP: 2186.067147
