SMAP: 2306.185480
DMAP: 2252.741595
