SMAP: 2261.063050
DMAP: 2251.055979
