SMAP: 2213.144550
DMAP: 2259.932450
