SMAP: 292.623248
DMAP: 301.234337
