SMAP: 287.015433
DMAP: 287.484861
