SMAP: 298.043428
DMAP: 343.315094
