SMAP: 288.797471
DMAP: 310.261469
