SMAP: 886.720386
DMAP: 891.929172
