SMAP: 80.550211
DMAP: 79.700332
