SMAP: 3190.947882
DMAP: 3180.425051
