SMAP: 3137.398131
DMAP: 3157.919408
