SMAP: 291.474952
DMAP: 298.743317
