SMAP: 5462.408114
DMAP: 5461.166582
