SMAP: 3133.908361
DMAP: 3092.666918
