SMAP: 321.699151
DMAP: 418.338646
