SMAP: 928.266301
DMAP: 908.778625
