SMAP: 3138.723891
DMAP: 3117.587002
