SMAP: 33.208798
DMAP: 35.112470
