SMAP: 3113.597870
DMAP: 3176.056324
