SMAP: 77.201489
DMAP: 78.113213
