SMAP: 10270.976629
DMAP: 10217.927137
