SMAP: 296.186346
DMAP: 313.841825
