SMAP: 31.535439
DMAP: 40.471687
