SMAP: 5656.404251
DMAP: 5541.309440
