SMAP: 10436.167600
DMAP: 10293.541604
