SMAP: 485.677155
DMAP: 490.820040
