SMAP: 292.433609
DMAP: 305.579702
