SMAP: 62.164728
DMAP: 1486.665721
