SMAP: 896.315554
DMAP: 902.518392
