SMAP: 50.344249
DMAP: 671.989765
