SMAP: 41.609031
DMAP: 381.354768
