SMAP: 28.036335
DMAP: 30.644200
