SMAP: 3242.531693
DMAP: 3203.137261
