SMAP: 481.393146
DMAP: 488.502525
