SMAP: 3181.755915
DMAP: 3180.326900
