SMAP: 3185.872830
DMAP: 3234.591801
