SMAP: 43.415806
DMAP: 44.502502
