SMAP: 288.406167
DMAP: 294.378153
