SMAP: 284.926863
DMAP: 296.779267
