SMAP: 5557.476501
DMAP: 5494.739667
