SMAP: 43.361687
DMAP: 46.053444
