SMAP: 43.854709
DMAP: 44.585056
