SMAP: 1739.992251
DMAP: 1734.169809
