SMAP: 5671.481036
DMAP: 5593.673869
