SMAP: 5451.317031
DMAP: 5448.578524
