SMAP: 485.508021
DMAP: 491.547624
