SMAP: 28.956341
DMAP: 73.933337
