SMAP: 80.607759
DMAP: 79.494809
