SMAP: 44.752891
DMAP: 45.327039
