SMAP: 3156.876938
DMAP: 3731.690535
