SMAP: 147.172456
DMAP: 147.880217
