SMAP: 20384.238797
DMAP: 19939.801807
