SMAP: 79.422650
DMAP: 80.484999
