SMAP: 283.911385
DMAP: 428.366313
