SMAP: 146.065520
DMAP: 147.229167
