SMAP: 10168.755141
DMAP: 10158.454150
