SMAP: 1718.113606
DMAP: 1717.457568
