SMAP: 29.301201
DMAP: 62.688220
