SMAP: 3179.091119
DMAP: 3267.704855
