SMAP: 3174.234629
DMAP: 3498.525067
