SMAP: 10448.249747
DMAP: 10295.743868
