SMAP: 1755.596282
DMAP: 1732.641800
