SMAP: 3119.254884
DMAP: 3161.320814
