SMAP: 900.309361
DMAP: 901.336853
