SMAP: 10633.734295
DMAP: 10337.135796
