SMAP: 77.107675
DMAP: 77.571678
