SMAP: 28.436752
DMAP: 41.338314
