SMAP: 493.919260
DMAP: 497.359455
