SMAP: 27.985559
DMAP: 48.531346
