SMAP: 287.573632
DMAP: 387.983676
