SMAP: 36.346247
DMAP: 201.340269
