SMAP: 288.958842
DMAP: 558.805458
