SMAP: 43.104220
DMAP: 43.849527
