SMAP: 32.543250
DMAP: 52.716701
