SMAP: 5488.851760
DMAP: 5515.133407
