SMAP: 39.805362
DMAP: 335.262245
