SMAP: 19738.282842
DMAP: 19739.084490
