SMAP: 148.435542
DMAP: 148.794092
