SMAP: 43.068091
DMAP: 43.719679
