SMAP: 499.144136
DMAP: 507.514399
