SMAP: 491.438220
DMAP: 502.095051
