SMAP: 528.266429
DMAP: 504.989254
