SMAP: 524.168688
DMAP: 502.784332
