SMAP: 505.600313
DMAP: 504.100069
