SMAP: 532.317777
DMAP: 507.388657
