SMAP: 517.974700
DMAP: 505.374499
