SMAP: 785.847961
DMAP: 503.878505
