SMAP: 497.385467
DMAP: 503.104014
